0.630052477, 0.052679236, 0.168271903, 0.081558845, 0.122079095, 0.558728302, 0.848622794,
0.195106437, 0.378039982, 0.103678030, 0.120388599, 0.590100393, 0.078342865, 0.283892938,
0.126273314, 0.921047957, 0.181517771, 0.684591610, 0.854865260, 0.675692434, 0.474643184,
0.446299214, 0.336438617, 0.404493251, 0.009210553, 0.757269077, 0.052629389, 0.189414582,
0.527565062, 0.264116747, 0.328665304, 0.070198606, 0.308212705, 0.893814670, 0.594127915



0.630052477, 0.052679236, 0.168271903, 0.081558845, 0.122079095, 0.558728302, 0.848622794,0.195106437, 0.378039982, 0.103678030, 0.120388599, 0.590100393, 0.078342865, 0.283892938, 0.126273314, 0.921047957, 0.181517771, 0.684591610, 0.854865260, 0.675692434, 0.474643184, 0.446299214, 0.336438617, 0.404493251, 0.009210553, 0.757269077, 0.052629389, 0.189414582, 0.527565062, 0.264116747, 0.328665304, 0.070198606, 0.308212705, 0.893814670, 0.594127915


x <- matrix(c(0.630052477, 0.052679236, 0.168271903, 0.081558845, 0.122079095, 0.558728302, 0.848622794,0.195106437, 0.378039982, 0.103678030, 0.120388599, 0.590100393, 0.078342865, 0.283892938, 0.126273314, 0.921047957, 0.181517771, 0.684591610, 0.854865260, 0.675692434, 0.474643184, 0.446299214, 0.336438617, 0.404493251, 0.009210553, 0.757269077, 0.052629389, 0.189414582, 0.527565062, 0.264116747, 0.328665304, 0.070198606, 0.308212705, 0.893814670, 0.594127915), nrow=7, ncol=5) 

reshape( [0.630052477, 0.052679236, 0.168271903, 0.081558845, 0.122079095, 0.558728302, 0.848622794,0.195106437, 0.378039982, 0.103678030, 0.120388599, 0.590100393, 0.078342865, 0.283892938, 0.126273314, 0.921047957, 0.181517771, 0.684591610, 0.854865260, 0.675692434, 0.474643184, 0.446299214, 0.336438617, 0.404493251, 0.009210553, 0.757269077, 0.052629389, 0.189414582, 0.527565062, 0.264116747, 0.328665304, 0.070198606, 0.308212705, 0.893814670, 0.594127915],7,5)


F <- matrix(c(1.0941,    0.9259, -1.5690 ,  -0.4595,0.2811  , -0.3961,-0.3722 ,  -2.0490,-2.5037 ,   1.2805,1.8148  , -0.0996,1.2549,0.7978),byrow = TRUE, nrow = 7, ncol = 2)